<?xml version="1.0"?>
<opencv_storage>
<Distortion type_id="opencv-matrix">
  <rows>5</rows>
  <cols>1</cols>
  <dt>f</dt>
  <data>
    9.74789411e-02 -1.51811495e-01 -1.63066499e-02 -5.42867230e-03
    1.98443700e-02</data></Distortion>
</opencv_storage>
